-0.0011825691519162743
0.010072473133823404
0.010295715780248358
0.011567964916658633
0.010279726250048244
0.006053718525439745
-6.34825521037235E-6
-0.005791152129842975
-0.008980288222199559
-0.008059237723183682
-0.003120387775812078
0.003939681137238987
0.01002905038975545
0.01211006002849906
0.008620337991584513
4.08518129005005E-4
-0.009307396865261289
-0.016097069416276245
-0.016202965667247066
-0.008413984383829707
0.004947171023977653
0.018485026024434928
0.025679710977861196
0.021672237303829084
0.005820416957127393
-0.017138267704059795
-0.037977872770647264
-0.045859791091639894
-0.032255396676016124
0.0054525096153626345
0.062151117481525714
0.12578650971856312
0.18072859724286514
0.21251870199938466
0.21251870199938466
0.18072859724286514
0.12578650971856312
0.062151117481525714
0.0054525096153626345
-0.032255396676016124
-0.045859791091639894
-0.037977872770647264
-0.017138267704059795
0.005820416957127393
0.021672237303829084
0.025679710977861196
0.018485026024434928
0.004947171023977653
-0.008413984383829707
-0.016202965667247066
-0.016097069416276245
-0.009307396865261289
4.08518129005005E-4
0.008620337991584513
0.01211006002849906
0.01002905038975545
0.003939681137238987
-0.003120387775812078
-0.008059237723183682
-0.008980288222199559
-0.005791152129842975
-6.34825521037235E-6
0.006053718525439745
0.010279726250048244
0.011567964916658633
0.010295715780248358
0.010072473133823404
-0.0011825691519162743
